% position storer
p_window  =[120 120 1200 900];

% axes
p_ax_raw  =[0.05 0.56 0.4 0.4]; %loc_rawdata
p_ax_DN  =[0.55 0.56 0.4 0.4]; %loc_rawdata
p_ax_raw_auc = [0.57 0.34 0.18 0.16];
p_ax_dyn_traces = [0.55 0.06 0.43 0.22];

p_met_num_label =  [0.05 0.48 0.1 0.03];
p_met_num  = [0.16 0.485 0.04 0.03]; 
p_display_slice_label = [0.225 0.48 0.185 0.03];
p_display_slice = [0.41 0.485 0.04 0.03]; 

p_scale_factor_label = [0.05 0.44 0.1 0.03]; 
p_scale_factor = [0.16 0.445 0.04 0.03]; 

p_rd_data =  [0.225 0.445 0.18 0.03]; 
p_noise_cal = [0.225 0.405 0.18 0.03]; 
% p_noise_cal_result = [0.325 0.425 0.2 0.03]; 

p_patch_size_label = [0.02 0.28 0.17 0.03];
p_patch_size = [0.19 0.285 0.04 0.03];
p_window_size_label = [0.02 0.24 0.17 0.03];
p_window_size = [0.19 0.245 0.04 0.03];
p_step_size_label = [0.02 0.20 0.17 0.03];
p_step_size = [0.19 0.205 0.04 0.03];
p_klocal_label = [0.24 0.28 0.17 0.03];
p_klocal = [0.41 0.285 0.04 0.03];
p_kglobal_label = [0.24 0.24 0.17 0.03];
p_kglobal = [0.41 0.245 0.04 0.03];

p_do_denoise= [0.3 0.185 0.15 0.05];

p_x_cord= [0.84 0.475 0.1 0.03];
p_x_cord_label= [0.8 0.47 0.04 0.03];
p_y_cord= [0.84 0.435 0.1 0.03];
p_y_cord_label= [0.8 0.43 0.04 0.03];
p_rd_auc =  [0.84 0.38 0.1 0.03];
p_rd_dyn = [0.84 0.34 0.1 0.03];